line
0 0 0 100 0 0
line
100 0 0 100 100 0
line
100 100 0 0 100 0
line
0 100 0 0 0 0
line
0 0 100 100 0 100
line
100 0 100 100 100 100
line
100 100 100 0 100 100
line
0 100 100 0 0 100
line
0 0 0 0 0 100
line
0 100 0 0 100 100
line
100 100 0 100 100 100
line
100 0 0 100 0 100
line
25 25 25 75 25 25
line
75 25 25 75 75 25
line
75 75 25 25 75 25
line
25 75 25 25 25 25
line
25 25 75 75 25 75
line
75 25 75 75 75 75
line
75 75 75 25 75 75
line
25 75 75 25 25 75
line
25 25 25 25 25 75
line
25 75 25 25 75 75
line
75 75 25 75 75 75
line
75 25 25 75 25 75
line
0 0 0 25 25 25
line
100 0 0 75 25 25
line
100 100 0 75 75 25
line
0 100 0 25 75 25
line
0 100 100 25 75 75
line
0 0 100 25 25 75
line
100 0 100 75 25 75
line
100 100 100 75 75 75
ident

scale
2 2 2
apply
ident
move
130 190 0
apply
ident
rotate
y 15
rotate
x 30
apply
display
save
tesseract.png
